1.815348251370417776e+00 -5.621120333671569824e-01
1.824516676882389499e+00 -5.552061200141906738e-01
1.833685102394361444e+00 -5.483810901641845703e-01
1.842853527906333166e+00 -5.416347980499267578e-01
1.852021953418304889e+00 -5.349655747413635254e-01
1.861190378930276834e+00 -5.283712148666381836e-01
1.870358804442248557e+00 -5.218501091003417969e-01
1.879527229954220502e+00 -5.153998136520385742e-01
1.888695655466192225e+00 -5.090191960334777832e-01
1.897864080978163948e+00 -5.027056932449340820e-01
1.907032506490135892e+00 -4.964577257633209229e-01
1.916200932002107615e+00 -4.902733564376831055e-01
1.925369357514079560e+00 -4.841513931751251221e-01
1.934537783026051283e+00 -4.780889153480529785e-01
1.943706208538023006e+00 -4.720851778984069824e-01
1.952874634049994951e+00 -4.661377072334289551e-01
1.962043059561966674e+00 -4.602449536323547363e-01
1.971211485073938396e+00 -4.544052481651306152e-01
1.980379910585910341e+00 -4.486166834831237793e-01
1.989548336097882064e+00 -4.428771436214447021e-01
1.998716761609853787e+00 -4.371854066848754883e-01
2.007885187121825510e+00 -4.315391480922698975e-01
2.017053612633797677e+00 -4.259365499019622803e-01
2.026222038145769400e+00 -4.203757941722869873e-01
2.035390463657741122e+00 -4.148549139499664307e-01
2.044558889169712845e+00 -4.093712866306304932e-01
2.053727314681684568e+00 -4.039239883422851562e-01
2.062895740193656735e+00 -3.985099792480468750e-01
2.072064165705628458e+00 -3.931271731853485107e-01
2.081232591217600181e+00 -3.877729773521423340e-01
2.090401016729571904e+00 -3.824457228183746338e-01
2.099569442241543626e+00 -3.771415352821350098e-01
2.108737867753515793e+00 -3.718584179878234863e-01
2.117906293265487516e+00 -3.665931224822998047e-01
2.127074718777459239e+00 -3.613422513008117676e-01
2.136243144289430962e+00 -3.561018109321594238e-01
2.145411569801402685e+00 -3.508677184581756592e-01
2.154579995313374852e+00 -3.456362187862396240e-01
2.163748420825346575e+00 -3.404009938240051270e-01
2.172916846337318297e+00 -3.351565897464752197e-01
2.182085271849290020e+00 -3.298962414264678955e-01
2.191253697361261743e+00 -3.246114253997802734e-01
2.200422122873233466e+00 -3.192901313304901123e-01
2.209590548385205189e+00 -3.139212727546691895e-01
2.218758973897177356e+00 -3.084872066974639893e-01
2.227927399409149078e+00 -3.029629290103912354e-01
2.237095824921120801e+00 -2.973152995109558105e-01
2.246264250433092524e+00 -2.914908230304718018e-01
2.255432675945064247e+00 -2.853834927082061768e-01
2.264601101457036414e+00 -2.787261307239532471e-01
2.273769526969008137e+00 -2.706438302993774414e-01
2.282937952480979860e+00 -2.641703486442565918e-01
2.292106377992951582e+00 -2.584253847599029541e-01
2.301274803504923305e+00 -2.531156241893768311e-01
2.310443229016895472e+00 -2.481262087821960449e-01
2.319611654528867195e+00 -2.433943301439285278e-01
2.328780080040838918e+00 -2.388794720172882080e-01
2.337948505552810641e+00 -2.345536947250366211e-01
2.347116931064782364e+00 -2.303961217403411865e-01
2.356285356576754531e+00 -2.263900339603424072e-01
2.365453782088726253e+00 -2.225220501422882080e-01
2.374622207600697976e+00 -2.187811881303787231e-01
2.383790633112669699e+00 -2.151570469141006470e-01
2.392959058624641422e+00 -2.116438597440719604e-01
2.402127484136613589e+00 -2.082330137491226196e-01
2.411295909648585312e+00 -2.049185782670974731e-01
2.420464335160557034e+00 -2.016965448856353760e-01
2.429632760672528757e+00 -1.985605210065841675e-01
2.438801186184500480e+00 -1.955066472291946411e-01
2.447969611696472647e+00 -1.925312876701354980e-01
2.457138037208443926e+00 -1.896305233240127563e-01
2.466306462720416093e+00 -1.868012696504592896e-01
2.475474888232387816e+00 -1.840402334928512573e-01
2.484643313744359538e+00 -1.813451349735260010e-01
2.493811739256331705e+00 -1.787125319242477417e-01
2.502980164768302984e+00 -1.761403083801269531e-01
2.512148590280275151e+00 -1.736260503530502319e-01
2.521317015792246874e+00 -1.711680442094802856e-01
2.530485441304218597e+00 -1.687635183334350586e-01
2.539653866816190320e+00 -1.664121001958847046e-01
2.548822292328162042e+00 -1.641099900007247925e-01
2.557990717840134209e+00 -1.618569791316986084e-01
2.567159143352105932e+00 -1.596509963274002075e-01
2.576327568864077655e+00 -1.574905067682266235e-01
2.585495994376049378e+00 -1.553744077682495117e-01
2.594664419888021101e+00 -1.533007025718688965e-01
2.603832845399993268e+00 -1.512687802314758301e-01
2.613001270911964991e+00 -1.492768079042434692e-01
2.622169696423936713e+00 -1.473238468170166016e-01
2.631338121935908436e+00 -1.454088389873504639e-01
2.640506547447880159e+00 -1.435307562351226807e-01
2.649674972959852326e+00 -1.416884362697601318e-01
2.658843398471824049e+00 -1.398810893297195435e-01
2.668011823983795772e+00 -1.381073296070098877e-01
2.677180249495767494e+00 -1.363664120435714722e-01
2.686348675007739217e+00 -1.346579194068908691e-01
2.695517100519711384e+00 -1.329802423715591431e-01
2.704685526031683107e+00 -1.313330829143524170e-01
2.713853951543654830e+00 -1.297155767679214478e-01
2.723022377055626553e+00 -1.281269937753677368e-01
